- Pós Otimização
         RF       KNN        LR        DT
0  0.949638  0.907148  0.932655  0.930684
1  0.949353  0.910542  0.934079  0.934295
2  0.950004  0.907729  0.935218  0.946671
3  0.939938  0.906020  0.924741  0.933429
4  0.942729  0.911456  0.607454  0.933831
5  0.944730  0.912389  0.931410  0.940042
6  0.938039  0.909215  0.580407  0.930140
7  0.942833  0.906698  0.929168  0.938264
8  0.946323  0.911910  0.931540  0.940868
9  0.947716  0.915730  0.936366  0.919602


Antes da Otimização
         RF       KNN        LR        DT
0  0.884427  0.849050  0.871459  0.816972
1  0.882038  0.848481  0.868957  0.819133
2  0.887044  0.851211  0.870094  0.820953
3  0.875896  0.847230  0.858378  0.814924
4  0.878726  0.854608  0.672469  0.815245
5  0.882139  0.851422  0.871900  0.824460
6  0.873606  0.849602  0.672469  0.811263
7  0.873151  0.842548  0.865643  0.812173
8  0.879181  0.849943  0.865529  0.815813
9  0.885666  0.853584  0.872014  0.815472

